BeginView
center =  1.0 0.0 0.0 17436.768 0.0 1.0 0.0 17626.111 0.0 0.0 1.0 17849.88 0.0 0.0 0.0 1.0
translate =  1.0 0.0 0.0 0.0 0.0 1.0 0.0 0.0 0.0 0.0 1.0 0.0 0.0 0.0 0.0 1.0
rotate =  -0.9089342 0.011239561 0.41678807 0.0 -0.15936147 -0.93310195 -0.3223735 0.0 0.38528243 -0.35943624 0.84991944 0.0 0.0 0.0 0.0 1.0
zoom =  1.0 0.0 0.0 0.0 0.0 1.0 0.0 0.0 0.0 0.0 1.0 83592.87 0.0 0.0 0.0 1.0
animate =  1.0 0.0 0.0 0.0 0.0 1.0 0.0 0.0 0.0 0.0 1.0 0.0 0.0 0.0 0.0 1.0
EndView
